0 41
100 100
0011100001100011100100100001111010101101100011111100011010011111111101100010110011011000011101000010
55
70
35
39
32
29
80
32
16
56
93
60
49
74
22
95
61
88
30
19
7
63
51
14
89
63
6
5
51
25
18
84
91
68
47
53
57
53
64
78
88
44
57
44
33
36
14
80
100
8
68
85
78
63
66
60
31
85
53
86
43
41
7
88
56
43
75
94
57
71
49
77
23
2
22
46
27
51
15
63
35
75
68
77
38
52
80
15
77
25
37
37
95
84
34
40
4
22
7
71
100 100
0011010001000011101101100000010110110100011000101010001111010100100011000000000010111001110000100011
84
88
11
5
1
1
84
3
60
84
43
77
19
7
29
38
55
27
50
91
86
26
62
77
39
5
62
60
25
17
24
33
45
5
58
3
56
19
21
49
56
36
92
67
2
95
37
63
24
17
29
81
45
54
45
36
99
19
69
5
84
82
80
50
51
87
54
40
27
57
96
29
79
29
25
82
95
53
77
40
9
68
82
4
70
68
59
41
82
98
81
95
30
31
72
79
54
35
86
55
79 79
1010111101110111110000000111101000001111101101000011110110101101010001100100110
31
31
40
6
38
32
38
78
10
4
58
75
57
73
55
21
12
14
26
30
30
41
46
11
24
79
63
39
41
57
61
44
69
75
58
64
56
78
73
56
59
46
36
69
46
79
26
35
25
38
70
31
19
41
1
65
9
35
58
18
3
65
21
59
59
55
12
77
63
42
39
12
39
67
31
70
64
78
19
83 83
01111111110000111000100101010111110000111010101011001100111011100101111011000001101
24
61
56
66
12
74
59
7
79
24
3
48
16
42
30
79
44
66
6
26
56
24
62
83
83
18
78
22
14
10
54
31
49
48
24
40
17
60
73
26
74
36
7
82
79
42
54
78
31
74
69
42
46
51
53
31
79
14
30
49
41
31
77
25
68
62
45
18
55
16
76
11
70
44
81
9
37
64
27
32
21
57
15
49 49
1111111000101110011111101110110010100101011100011
43
5
44
44
16
3
44
12
16
31
10
5
28
24
14
40
38
44
24
46
1
17
34
1
3
30
27
27
18
19
48
27
39
19
3
35
33
41
21
49
15
33
41
37
15
25
41
25
24
95 95
00101100000001110010101001000101110101001011010111101100001110011011001100101001100111100000001
49
90
3
78
1
27
70
38
16
45
41
48
56
57
53
41
82
81
86
3
72
69
87
79
31
67
22
89
58
54
85
19
65
61
90
44
40
55
64
49
13
46
9
43
89
51
29
86
25
56
11
66
86
11
4
87
24
93
58
18
71
7
23
74
55
56
63
9
77
28
47
19
31
37
36
51
74
42
35
30
31
88
8
78
11
73
38
70
22
48
75
83
48
28
82
50 50
11010111101111011010100100110011010010110000001111
35
22
36
1
43
48
34
28
38
46
32
36
33
2
4
49
10
16
24
1
44
49
3
21
13
38
19
19
22
43
44
8
40
16
19
37
4
18
41
21
9
22
14
39
35
6
27
33
49
22
94 94
0011111011100000001111000100001101101111010111111101111001110101011101101110011011000010100011
27
79
2
91
22
74
88
54
12
51
62
63
18
62
8
89
56
77
17
73
3
47
85
49
60
35
21
56
92
14
20
17
70
9
76
59
81
6
87
73
55
86
3
77
54
41
72
53
67
7
29
15
3
46
65
32
59
36
57
8
47
27
17
72
76
74
42
76
22
4
39
4
39
6
67
16
12
11
29
74
49
94
13
60
89
58
82
52
28
50
29
21
5
88
3 3
011
1
3
3
27 27
111101101100011001010100101
22
23
26
23
1
26
14
25
7
12
20
12
21
3
4
8
17
12
24
2
19
19
27
4
21
17
17
87 87
101100110111010001001110000010010001111011001111000110100000110000011101001100000011000
33
83
41
1
28
60
50
23
31
34
15
37
81
47
24
33
10
37
49
51
38
6
36
35
4
36
52
35
21
9
76
61
7
76
87
69
6
11
53
20
42
31
16
69
47
14
48
67
30
79
63
37
36
31
19
13
18
82
55
52
67
69
66
32
6
62
11
55
58
72
81
64
82
55
68
53
26
27
2
27
67
86
45
73
53
40
3
15 15
101100000001110
8
6
12
2
10
10
8
3
14
9
10
9
3
1
4
13 13
1001110100000
10
1
4
10
10
4
4
8
13
12
3
4
13
3 3
111
2
3
3
1 1
0
1
1 1
0
1
15 15
011101100000101
8
7
3
5
6
6
9
12
11
10
12
12
2
2
7
15 15
000100001000010
15
3
3
6
6
2
7
7
6
15
14
11
4
7
12
1 1
1
1
5 5
01001
3
2
1
5
2
1 1
1
1
11 11
11101101000
7
8
3
2
11
2
2
9
8
3
11
8 8
01110010
6
8
3
1
2
2
4
2
3 3
101
3
2
1
10 10
0010101001
3
6
8
9
3
7
1
5
8
8
15 15
010101000001101
6
5
7
3
2
5
11
2
15
9
2
1
13
14
3
11 11
00010001100
10
7
7
7
1
4
3
2
5
8
2
15 15
110110110001111
1
11
12
4
15
1
3
3
8
1
4
12
12
14
13
2 2
00
1
1
2 2
10
1
1
3 3
000
3
2
3
13 13
1110101010111
1
6
3
10
2
12
2
10
9
1
13
11
13
4 4
1111
2
2
2
4
2 2
11
1
1
12 12
010101110011
9
3
6
9
1
4
11
9
1
1
5
8
13 13
0011111000001
13
10
13
1
2
2
1
1
7
2
4
13
12
13 13
1101000000011
3
7
11
6
5
3
2
2
5
11
7
2
7
10 10
1011011111
2
9
2
10
6
9
9
10
6
4
10 10
1110110101
10
2
1
6
4
5
9
5
6
7
1 1
1
1
5 5
10100
5
5
3
4
4
