125
283
15
25
1
10
21
12
38
1
31
16
22
15
7
9
10
7
5
8
16
4
10
6
11
28
7
32
5
7
8
9
7
19
12
12
19
35
17
21
23
20
7
17
19
9
14
14
12
9
2
14
26
27
30
17
6
25
1
17
14
8
38
10
46
11
20
12
35
1
23
11
1
11
32
8
7
15
20
12
10
16
13
35
9
23
9
3
10
14
28
14
14
12
6
33
12
16
2
22
27
41
5
6
6
11
1
1
1
15
19
3
4
6
5
8
6
1
5
2
7
20
15
13
19
11
3
2
7
13
35
1
9
8
11
5
8
5
5
5
12
7
5
6
6
9
28
9
6
3
2
7
12
4
5
6
14
23
4
20
10
15
5
11
11
1
4
4
5
3
8
23
3
6
5
7
4
5
12
1
2
4
12
10
7
4
5
13
7
16
5
3
1
8
5
3
24
22
6
14
1
7
3
12
8
4
2
10
4
5
9
9
4
3
9
6
4
5
3
4
3
3
1
21
16
12
9
2
12
2
18
8
12
2
32
8
3
19
1
16
8
28
5
12
7
8
4
1
3
17
3
5
5
9
5
13
3
1
9
4
3
6
11
1
14
7
18
8
2
6
1
6
11
10
7
12
6
13
9
5
13
14
8
3
9
7
8
3
5
5
1
2
4
3
14
19
4
10
1
17
6
12
24
5
18
2
12
4
17
24
5
12
2
5
29
2
17
4
1
27
4
7
5
3
3
1
1
6
4
4
4
9
18
5
5
10
23
9
1
3
7
3
4
3
12
3
2
14
14
4
1
16
3
4
2
28
7
3
8
14
21
7
7
5
7
6
1
7
5
6
16
15
17
1
7
8
6
28
5
1
7
17
6
13
6
22
10
10
4
13
17
15
6
4
7
2
5
6
3
3
3
19
11
5
3
11
6
10
6
6
4
2
4
15
1
2
6
14
7
16
1
8
2
5
3
9
1
6
11
8
17
12
11
10
35
5
6
8
12
5
5
4
4
12
1
4
8
14
7
4
5
13
3
7
2
16
12
8
9
26
5
13
10
7
4
6
8
1
5
3
2
11
9
3
1
9
3
2
1
1
1
1
7
2
1
2
3
1
2
1
1
1
2
1
4
1
1
3
1
2
2
1
2
4
1
1
1
1
1
2
1
3
1
1
6
9
1
1
5
1
1
1
1
2
2
2
1
3
6
1
1
1
1
1
6
1
2
1
2
2
5
1
1
1
4
1
3
2
2
5
1
1
1
5
3
1
2
4
2
1
3
5
1
1
3
1
1
2
7
1
1
1
1
3
1
1
2
3
1
2
3
2
1
4
3
7
1
1
3
3
1
5
1
1
1
1
6
1
4
2
2
1
3
1
1
3
4
1
1
3
1
1
2
2
1
1
1
2
9
1
2
1
7
4
3
3
1
1
1
1
1
1
1
1
1
2
2
1
3
1
1
6
5
2
1
3
5
2
1
1
1
5
1
1
3
3
4
7
6
4
1
1
6
2
2
3
1
1
2
1
5
2
2
1
2
1
3
2
1
3
1
5
3
2
7
1
1
3
3
1
2
1
1
1
1
1
1
3
1
3
1
1
2
4
4
2
1
2
2
1
4
1
1
1
1
8
9
2
1
2
1
2
2
1
1
6
1
2
1
3
1
4
5
9
2
1
7
1
1
6
1
2
4
1
2
1
4
3
5
1
5
3
2
1
7
3
3
3
1
2
1
7
1
5
3
1
8
2
1
1
5
2
1
4
1
6
1
4
3
4
1
8
2
1
4
4
1
1
4
2
1
2
2
3
1
1
1
3
1
1
4
1
1
2
2
2
1
2
1
1
2
2
5
2
2
3
3
1
3
1
2
1
3
1
1
2
3
1
2
2
1
1
2
2
5
1
1
1
1
1
4
5
2
1
1
1
1
2
4
5
1
3
4
3
1
8
1
2
7
2
1
2
2
2
1
2
1
2
6
1
4
2
2
1
5
3
1
2
1
1
