0 5
200 200
11111111111111111111111111111111111111111111111111111111111111111111111111111111111111111111111111111111111111111111111111111111111111111111111111111111111111111111111111111111111111111000000000000000
55 185
55 162
163 175
170 175
143 169
67 142
67 152
153 199
48 199
48 127
49 127
49 128
129 151
152 152
97 152
97 114
7 114
7 121
46 121
46 173
123 173
123 148
149 166
60 166
60 68
69 175
176 196
49 196
49 195
55 195
55 179
178 179
147 177
124 146
32 123
32 88
89 156
5 156
5 115
116 166
41 166
41 50
51 154
138 154
61 137
8 60
8 139
47 139
47 107
70 107
70 148
102 148
93 101
35 92
35 126
127 144
119 144
119 184
36 184
36 130
73 130
73 117
118 165
65 165
12 64
12 156
8 156
8 104
105 167
112 167
18 111
18 159
152 159
26 151
24 25
24 199
120 199
27 119
27 111
101 111
67 100
67 79
80 120
39 120
39 92
60 92
60 188
131 188
73 130
13 72
13 81
41 81
41 131
18 131
18 21
15 21
15 72
73 193
38 193
38 95
3 95
3 127
128 172
154 172
20 153
20 41
42 140
85 140
85 141
25 141
8 24
8 75
76 188
8 188
8 119
56 119
56 159
97 159
97 162
135 162
109 134
109 136
137 172
113 172
9 112
9 136
30 136
30 50
51 97
98 120
31 120
31 178
32 178
31 31
31 127
23 127
23 158
82 158
82 161
77 161
77 172
37 172
37 131
91 131
91 116
117 147
101 147
36 100
36 172
131 172
68 130
68 166
167 194
130 194
41 129
41 112
87 112
11 86
11 19
20 195
33 195
27 32
27 129
130 169
147 169
102 146
102 141
142 162
26 162
20 25
20 149
123 149
112 122
111 111
52 110
52 188
122 188
5 121
5 154
155 165
146 165
99 145
99 121
122 191
95 191
95 146
13 146
13 161
107 161
107 112
66 112
66 156
157 164
132 164
113 131
113 163
112 163
112 123
124 189
65 189
200 200
11111111111111111111111111111111111111111111111111111111111111111111111111111111111111111111111111111111111111111111111111111111111111111111111111111111110000000000000000000000000000000000000000000000
37 154
37 150
73 150
73 163
20 163
20 73
4 73
4 84
85 133
134 158
159 198
46 198
46 192
94 192
12 93
12 19
20 160
161 167
127 167
127 145
127 145
60 126
60 169
34 169
34 152
110 152
54 109
36 53
32 35
32 189
68 189
68 175
153 175
25 152
3 24
3 129
130 190
113 190
113 193
20 193
20 35
36 133
12 133
12 119
55 119
55 126
84 126
84 92
89 92
89 161
162 167
130 167
34 129
34 180
145 180
131 144
109 130
109 187
133 187
61 132
61 142
93 142
15 92
15 172
71 172
49 70
49 113
5 113
5 162
130 162
17 129
17 34
35 165
46 165
46 59
5 59
5 29
30 127
118 127
118 196
54 196
11 53
11 51
27 51
27 113
114 198
60 198
60 79
44 79
44 145
36 145
36 47
48 141
106 141
106 184
135 184
135 160
31 160
31 84
85 140
69 140
22 68
22 105
74 105
74 113
114 164
130 164
76 129
76 158
159 187
122 187
13 121
13 51
52 175
55 175
55 138
70 138
70 85
86 98
44 98
44 127
111 127
111 116
38 116
38 99
94 99
94 108
109 140
38 140
38 185
185 185
100 184
7 99
7 130
97 130
97 102
75 102
22 74
4 21
4 62
63 147
148 169
92 169
15 91
15 80
61 80
12 60
12 96
38 96
38 111
84 111
84 145
146 176
165 176
13 164
13 35
36 82
52 82
52 61
62 111
74 111
74 92
31 92
31 83
76 83
76 90
91 192
193 199
54 199
54 183
168 183
168 199
180 199
74 179
58 73
58 174
63 174
51 62
51 196
53 196
53 167
147 167
147 150
148 150
4 147
4 41
15 41
15 91
23 91
23 77
11 77
11 98
99 194
33 194
33 62
63 74
75 155
156 177
68 177
51 67
200 200
11111111111111111111111111111111111111111111111111111111111111111111111111111111111111111111111111111111111111111111111111111111111111111111111111111111111111111111111111111100000000000000000000000000
85 174
85 161
109 161
109 157
154 157
154 154
87 154
84 86
10 83
10 12
13 38
39 160
100 160
100 146
82 146
59 81
59 119
75 119
75 165
58 165
9 57
9 152
21 152
21 50
22 50
22 49
50 56
51 56
51 107
108 156
149 156
42 148
42 163
57 163
13 56
13 183
94 183
94 96
31 96
31 170
130 170
42 129
42 157
144 157
144 193
192 193
77 191
57 76
57 111
112 146
129 146
129 142
114 142
30 113
30 174
126 174
73 125
73 199
110 199
105 109
105 118
119 196
67 196
21 66
21 165
154 165
154 183
133 183
131 132
113 130
27 112
27 45
46 171
119 171
60 118
21 59
8 20
8 74
75 86
87 127
66 127
42 65
42 191
28 191
28 131
132 187
122 187
114 121
88 113
88 141
135 141
135 146
64 146
64 101
102 125
126 175
175 175
175 199
14 199
14 112
113 132
69 132
47 68
47 185
112 185
112 196
120 196
120 120
27 120
27 123
101 123
62 100
62 198
94 198
41 93
41 94
95 104
81 104
81 175
62 175
62 167
165 167
125 164
125 149
150 197
129 197
129 154
155 189
50 189
13 49
13 167
118 167
35 117
35 140
23 140
23 159
160 170
11 170
11 71
72 160
60 160
60 78
6 78
6 152
133 152
109 132
80 108
77 79
77 128
128 128
12 127
12 189
11 189
11 172
104 172
104 144
92 144
92 99
31 99
31 169
148 169
148 163
55 163
42 54
42 45
46 174
127 174
104 126
104 178
63 178
63 108
83 108
83 113
61 113
61 144
25 144
25 166
123 166
122 122
38 121
38 148
27 148
27 85
86 197
152 197
52 151
52 144
23 144
23 179
50 179
50 76
77 144
61 144
61 101
102 194
133 194
133 152
17 152
17 46
47 161
200 200
11111111111111111111111111111111111111111111111111111100000000000000000000000000000000000000000000000000000000000000000000000000000000000000000000000000000000000000000000000000000000000000000000000000
55 165
166 187
107 187
47 106
47 79
80 144
26 144
23 25
6 22
6 97
98 136
126 136
47 125
47 196
123 196
74 122
74 95
96 128
74 128
74 158
73 158
73 151
152 187
6 187
6 144
62 144
58 61
58 165
166 181
4 181
4 119
120 133
57 133
57 173
114 173
99 113
99 162
70 162
70 150
151 174
43 174
43 79
52 79
52 198
70 198
70 133
80 133
52 79
52 82
36 82
36 40
41 185
186 189
37 189
37 93
58 93
12 57
12 122
57 122
57 121
122 124
4 124
4 60
61 90
91 106
62 106
62 104
85 104
57 84
57 147
148 198
47 198
47 98
17 98
16 16
16 39
40 82
53 82
53 112
71 112
54 70
40 53
40 138
19 138
19 71
72 93
94 101
14 101
14 145
40 145
40 130
58 130
58 80
81 98
99 141
126 141
126 199
46 199
17 45
17 181
135 181
78 134
78 132
114 132
114 143
103 143
69 102
69 69
70 129
41 129
41 130
131 154
61 154
61 191
134 191
32 133
13 31
13 158
40 158
40 95
16 95
16 16
17 91
92 149
122 149
80 121
50 79
50 50
44 50
44 131
132 199
177 199
28 176
28 172
163 172
163 182
182 182
60 181
60 108
109 179
124 179
124 131
132 183
123 183
87 122
38 86
38 149
83 149
83 175
32 175
32 157
45 157
45 96
97 188
37 188
37 124
78 124
78 195
54 195
4 53
4 163
162 163
154 161
154 179
90 179
90 170
171 192
36 192
36 96
97 134
39 134
39 123
40 123
37 39
37 174
64 174
7 63
7 76
77 190
191 196
69 196
69 156
157 168
15 168
15 198
73 198
73 75
76 137
138 196
148 196
7 147
7 74
75 138
139 163
164 184
89 184
89 119
36 119
13 35
13 120
200 200
11111111111111111111111111111111111111111111111111111111111111111111111111111111111111111111111111111111111111111111111111111111111111111100000000000000000000000000000000000000000000000000000000000000
139 148
105 148
7 104
3 6
3 190
137 190
131 136
27 130
27 147
148 200
106 200
37 105
37 161
161 161
113 160
41 112
41 55
56 188
19 188
11 18
11 26
27 199
151 199
110 150
82 109
82 146
135 146
96 134
88 95
88 130
16 130
16 87
56 87
56 134
124 134
124 125
126 167
19 167
19 34
35 40
41 166
111 166
111 153
154 195
163 195
21 162
21 125
96 125
57 95
6 56
6 100
58 100
58 151
152 158
137 158
81 136
81 119
120 161
16 161
16 92
52 92
50 51
30 49
30 163
164 198
194 198
20 193
20 31
32 190
89 190
89 95
96 102
97 102
51 96
51 149
104 149
104 178
107 178
35 106
35 42
43 171
23 171
23 186
143 186
92 142
92 180
100 180
100 186
147 186
147 185
186 186
13 186
13 195
80 195
80 116
86 116
86 115
116 184
114 184
114 163
164 188
116 188
74 115
74 120
121 163
164 173
51 173
51 68
56 68
56 133
12 133
12 172
55 172
55 198
167 198
12 166
12 120
121 151
152 179
180 185
42 185
42 192
12 192
12 13
14 117
97 117
27 96
27 165
166 177
156 177
156 169
100 169
11 99
11 196
144 196
144 157
141 157
4 140
4 63
64 65
23 65
23 114
115 129
130 157
29 157
29 107
108 184
30 184
30 123
35 123
7 34
7 73
74 200
200 200
119 199
8 118
8 46
11 46
11 25
26 78
48 78
48 76
77 152
84 152
84 110
111 196
132 196
30 131
30 32
33 101
102 185
50 185
50 162
9 162
9 41
42 198
78 198
12 77
12 104
105 165
75 165
75 108
109 138
120 138
12 119
10 11
10 36
37 67
39 67
39 193
66 193
52 65
52 164
165 177
129 177
18 128
18 61
62 140
141 161
114 161
