0 5
200 200
00000000001000010010000000000001000000001000001000001000100000100001000000000100000000100000001100000100000000101000000100010000000000000000000001000100100000001000000000000000000000000100001000000001
20 191
36 180
26 62
1 4
5 127
35 36
29 144
52 90
111 168
14 139
13 111
43 116
78 111
120 191
24 107
120 154
22 27
89 131
77 171
92 129
77 192
32 122
176 194
120 132
80 128
55 160
27 193
108 143
25 68
11 65
82 194
5 133
77 183
34 41
80 193
22 80
161 164
35 117
32 152
11 51
67 144
14 149
45 143
4 169
15 198
164 191
159 188
118 193
158 181
73 117
61 113
55 73
33 155
105 179
48 60
36 151
44 117
37 112
75 176
8 31
177 198
47 139
92 105
95 168
91 103
35 81
4 200
25 122
102 171
11 114
65 130
16 33
97 171
23 71
86 102
154 160
14 185
140 198
108 179
134 198
89 187
148 166
161 168
37 111
121 197
42 171
98 183
64 75
9 135
14 114
26 117
109 133
44 170
172 193
54 166
46 110
64 151
39 42
2 191
57 65
92 140
127 197
52 98
44 85
26 192
47 160
22 171
65 120
43 198
25 185
21 164
98 114
30 165
70 103
77 193
99 150
52 85
64 172
47 101
3 130
127 176
166 185
77 116
39 150
110 173
56 133
78 123
41 142
20 74
73 107
110 117
88 153
117 158
139 171
50 120
19 160
161 183
37 126
5 36
6 62
144 169
70 164
48 167
91 120
29 192
149 171
42 111
61 107
48 81
91 166
9 120
37 157
2 122
45 122
51 191
29 130
97 138
57 193
172 196
185 200
110 197
97 154
52 176
144 186
32 173
43 55
106 128
56 119
121 176
111 188
11 176
20 21
14 196
67 82
11 12
157 184
109 158
55 92
105 181
11 129
105 142
7 135
140 147
109 188
24 143
37 147
36 65
62 75
85 187
27 176
114 174
115 187
69 93
119 124
49 136
134 199
79 90
69 104
74 161
33 43
200 200
00000100100000000000000000010010000000001000010000000000010001000000000100010000100000000000000000000000000000000000000001000001000000000000001000001000000000100000000100000010000100101100000000000000
6 124
132 179
98 182
34 81
43 98
111 179
43 156
88 102
103 153
4 77
29 153
32 148
4 150
69 115
127 185
8 119
25 74
160 167
88 175
97 137
138 191
155 181
69 177
11 146
27 41
182 186
93 172
24 43
100 150
74 161
83 186
36 161
9 75
108 178
9 50
16 79
53 61
3 93
154 176
89 108
72 175
10 10
42 173
12 155
192 197
4 6
15 75
22 151
124 176
26 115
109 156
10 75
29 123
13 135
98 173
48 138
33 189
88 189
87 151
114 122
73 129
24 158
68 188
22 86
63 159
32 177
23 93
71 174
68 83
21 132
28 124
47 173
107 148
142 163
29 188
40 48
83 101
49 84
50 85
18 20
123 139
93 183
82 197
60 152
49 175
109 190
5 25
63 74
109 182
140 186
43 124
12 176
14 81
126 186
42 45
76 98
37 80
63 132
71 177
34 120
10 158
96 127
28 47
30 155
34 38
146 175
65 80
75 158
62 116
32 164
8 44
93 170
38 76
97 134
32 170
29 163
98 179
82 168
130 143
15 91
33 151
28 108
65 144
61 79
19 73
34 113
45 155
44 58
103 126
18 57
9 33
118 200
11 122
152 178
63 166
43 176
60 147
195 196
113 199
122 123
109 120
50 84
68 156
167 190
73 187
22 114
106 192
48 86
34 79
14 120
16 153
61 161
23 131
11 157
92 138
46 151
14 108
105 199
29 51
34 98
120 180
95 150
113 186
16 165
50 141
32 143
62 189
3 41
59 141
11 132
59 147
72 155
8 167
9 36
137 180
74 107
5 64
26 127
145 179
72 155
69 98
10 106
97 159
7 193
191 193
36 164
37 111
75 119
35 166
80 143
27 123
6 148
15 27
78 80
143 156
63 162
30 144
130 167
28 157
153 181
200 200
00001000000011101000000000000100100000000000000100000100001001000000000001000000000000000000000000000000100000001010000000000000000000000000000000100000000110000100001000001000000100000001000000100000
60 67
18 111
31 133
8 63
22 132
128 173
123 135
14 79
58 149
40 44
1 49
27 71
89 147
5 145
14 191
118 138
12 114
123 187
144 146
57 92
14 61
60 105
167 189
27 139
119 129
37 61
76 199
13 74
85 200
132 157
90 95
91 198
137 175
134 161
15 134
80 82
100 124
96 151
85 196
61 159
140 149
123 196
126 163
9 130
125 168
82 122
147 175
95 182
39 114
141 156
37 111
25 53
70 170
23 128
35 177
53 142
33 116
151 199
134 136
79 133
4 178
87 96
36 74
124 149
6 25
87 178
74 117
53 148
65 136
40 152
91 136
84 163
171 191
75 87
152 193
74 163
101 151
154 163
149 180
2 59
17 150
8 151
142 182
4 4
99 140
23 167
79 157
49 167
17 175
41 66
49 146
148 170
14 24
102 179
22 100
105 127
65 96
36 138
1 37
124 152
52 156
39 153
87 99
9 195
73 116
66 68
162 191
76 191
58 151
22 37
30 199
56 172
166 177
3 175
190 197
120 121
77 155
160 197
65 159
4 98
97 179
81 115
93 146
70 135
51 76
22 191
83 183
132 134
6 70
156 194
39 112
95 172
52 190
35 173
115 169
23 116
166 192
28 79
73 85
65 194
62 106
19 199
6 143
9 65
99 192
85 197
51 169
9 111
8 34
64 187
105 180
74 190
110 169
179 195
68 130
130 166
145 176
28 61
113 145
15 146
2 170
69 86
3 178
15 60
39 40
125 190
32 169
2 169
1 166
129 151
179 192
116 194
145 180
139 162
6 81
39 119
58 96
99 140
72 150
62 186
92 126
17 124
12 198
2 125
82 100
93 189
113 145
22 95
84 193
120 193
3 14
25 71
36 69
56 139
68 149
186 199
57 194
158 158
23 111
5 17
200 200
00000000000000000000000101010000000000000000000000000000001001000000000000000001100000000010000001000100000000000000000000000000000101010000000000000010000000000100000000000000000000001000000000000010
102 150
48 154
9 160
15 44
17 155
20 75
38 174
130 154
62 90
92 117
87 118
77 117
45 160
97 136
88 90
59 101
80 173
81 131
45 180
151 165
84 96
4 158
112 182
79 177
107 118
178 195
11 131
20 127
6 194
101 166
42 177
154 194
58 143
28 192
53 128
66 67
57 103
113 177
26 131
95 117
120 159
108 169
2 146
57 109
47 125
143 156
74 109
85 183
2 9
6 6
51 74
89 185
15 158
66 149
157 179
36 144
15 124
64 159
105 137
36 177
103 165
10 186
87 147
113 163
40 56
12 155
136 147
6 96
77 102
15 148
7 32
62 119
22 36
17 117
51 86
26 68
34 91
150 178
95 156
4 30
122 193
111 155
104 125
91 156
76 157
3 139
101 161
104 134
57 173
54 163
42 55
31 143
144 156
53 147
58 163
52 177
7 147
56 68
53 125
32 93
104 113
17 160
9 152
7 44
118 148
50 147
10 95
37 67
27 171
5 142
48 147
91 108
40 135
161 175
17 170
72 159
21 130
92 188
80 104
155 161
8 83
154 177
40 44
59 188
15 79
101 164
22 74
59 165
46 110
10 28
73 84
151 195
16 159
83 136
171 188
96 196
110 163
132 194
31 63
10 117
17 98
84 161
105 149
19 123
157 200
59 179
79 128
28 178
65 100
21 66
66 198
127 186
84 135
63 158
12 35
81 106
138 168
14 69
37 65
53 81
45 63
2 34
87 130
92 150
164 183
69 140
104 195
149 184
3 114
8 55
57 91
21 155
124 170
146 179
18 74
87 145
5 81
62 106
166 180
55 185
62 156
21 197
61 112
12 135
50 107
106 142
101 151
6 105
42 44
31 75
3 66
33 132
111 174
70 155
26 193
169 183
77 96
175 193
43 172
62 91
200 200
00001000000010000000000000000000000000001000000100000000000000000000000000000000000000000100000000001000000001000000001000000100010000010000000000100100010000000000000000000000000000000010000000100000
40 53
138 139
33 88
122 190
1 31
108 126
36 83
85 142
22 186
59 73
104 126
78 86
82 195
175 194
147 179
3 150
37 171
51 145
64 111
27 129
21 171
152 182
78 192
27 145
26 154
64 80
45 170
144 195
124 146
19 50
132 181
7 178
176 193
55 132
4 78
82 97
80 196
96 198
25 51
59 112
77 84
77 95
134 197
93 195
182 194
26 176
127 169
148 161
34 87
97 144
166 198
22 65
129 193
19 34
15 84
13 67
56 130
44 96
3 145
3 71
102 154
165 179
34 167
17 27
7 66
119 165
36 147
43 64
1 39
20 48
8 128
121 192
100 103
119 135
70 95
71 131
94 161
11 94
52 112
140 175
57 187
97 149
96 112
47 118
148 188
26 193
125 162
72 171
31 52
64 192
11 132
10 167
7 137
35 87
54 148
158 171
153 197
61 84
101 186
80 189
17 31
64 164
124 198
83 107
163 171
112 165
109 136
55 139
90 164
138 196
79 109
4 74
102 109
94 160
12 41
28 89
11 90
27 114
142 181
71 74
46 172
4 87
114 118
160 162
110 200
32 123
146 159
136 156
62 169
19 41
94 144
4 160
63 92
83 123
9 103
52 164
18 195
117 154
42 59
69 135
19 149
4 192
62 76
60 81
126 147
21 135
50 156
18 61
34 78
9 143
80 169
60 168
104 184
65 101
137 144
17 33
54 74
92 196
127 154
124 149
139 181
78 110
47 131
10 174
80 122
7 109
24 190
16 26
16 85
91 145
84 148
27 126
127 147
90 171
115 190
29 35
66 113
61 63
70 110
84 105
118 133
18 149
32 41
24 189
99 123
43 83
99 162
26 77
56 85
25 42
4 63
45 158
47 104
78 143
171 187
39 160
88 194
94 171
50 126
67 153
