0 11
20
3 10 9 7 6 4 9 9 9 10 5 8 1 4 9 6 6 2 6 3
4 5 4 1 -8 5 -5 -7 -3 5 2 -2 10 -4 -10 -1 -1 -2 -1 8
8 2 1 2 6 9 4 10 6 4 4 4 7 1 8 8 6 1 6 3
20
5 9 7 1 2 1 7 10 4 8 4 10 8 9 8 9 1 7 4 4
-9 -9 -1 5 -6 0 7 3 5 9 3 -1 1 -7 2 -7 0 -1 3 -9
7 1 6 2 10 9 10 6 2 8 2 6 3 3 7 7 5 3 3 5
20
2 1 6 3 7 10 9 9 4 1 6 3 8 1 6 8 5 3 5 10
-1 8 -4 -1 5 -4 -6 -9 8 -3 -8 -1 5 -9 3 -7 9 1 -3 -4
4 7 4 5 1 8 3 4 5 9 6 7 2 5 10 6 6 7 8 4
20
2 7 8 6 3 3 2 10 4 1 1 8 10 7 8 8 8 1 4 1
10 -10 -6 6 2 3 -5 -10 -8 6 7 -3 5 -6 5 2 -2 1 -10 2
6 2 2 8 10 4 8 6 1 7 10 9 1 1 4 7 2 3 5 1
20
4 4 10 9 1 10 3 8 4 7 6 8 10 4 4 4 2 6 5 1
-7 9 8 -7 8 -2 10 6 6 8 -2 -9 -10 9 9 10 -2 10 7 4
1 6 5 9 4 9 10 7 8 8 10 2 5 8 10 4 9 5 10 10
20
10 3 9 8 3 6 3 5 1 1 2 8 5 3 8 3 3 1 10 3
3 -1 10 10 6 3 -6 9 -10 -10 8 -2 0 -7 -4 1 -10 0 7 -5
10 6 3 9 8 8 8 6 6 9 1 3 6 6 2 4 10 7 5 2
20
7 10 4 6 9 1 9 4 5 6 2 9 2 2 3 10 6 6 1 5
6 5 8 -8 6 -10 8 -6 2 10 -4 2 10 8 -5 -10 1 -3 -4 -2
5 9 5 8 1 1 1 9 2 3 1 10 9 5 1 7 10 9 10 5
20
3 6 6 10 8 5 1 8 5 8 2 7 3 3 6 3 5 9 9 3
-1 2 -5 7 0 -5 10 -8 10 -8 9 3 2 5 -8 5 10 10 10 6
10 3 7 8 10 7 10 2 6 8 7 6 2 5 10 10 9 9 8 2
20
1 7 10 2 2 1 7 8 8 10 10 10 2 3 6 4 7 3 2 6
4 -4 -6 -10 -9 -4 2 -8 -6 7 -10 -4 -8 5 -3 -7 6 6 -1 1
3 2 4 3 7 3 10 8 7 1 5 10 4 10 7 10 10 10 2 8
20
2 9 9 2 2 8 10 10 3 4 7 6 10 6 5 1 7 8 1 8
8 0 -1 6 8 5 -8 9 1 10 6 -5 2 -6 1 5 5 -8 6 3
2 2 9 4 9 9 5 9 2 10 6 10 2 6 9 3 9 1 4 6
200
61459032 664546249 298955241 614689989 35957186 198401978 520434399 995136094 820980452 659454494 527329532 970657419 658550899 361668158 961983809 572362027 679455897 352553840 923005777 787159356 698597791 132650629 430211448 960251671 268233389 89698974 160708232 538885996 761294342 190133651 580800789 135594533 333414593 14431804 987499546 507803295 562130971 468222563 259062259 879581214 594058486 927908347 644154455 418138395 326952416 443900185 133110929 711174188 28797786 493378918 127208984 143283759 202947212 871380912 578353263 899420598 189664785 118482809 473035937 884327742 329577566 55488398 62156762 84065418 658886027 36540685 254031552 517885214 443626674 471945435 723551526 248249818 70271945 910164442 667498137 322668696 409216190 360031538 361280755 371338682 570079630 269503421 75199531 347041548 627554979 490701416 638501598 861240997 293187420 78766661 70155845 674346261 86284597 291155376 584387735 762292797 444452156 525198689 99722200 459194902 164437019 190136411 578463161 941098830 926123103 781188793 753324833 55414315 163699668 441600786 778261199 117931493 248691610 459585705 905713647 800165884 693855319 246512555 519328297 517393851 798262514 426525352 357386614 766400412 371960164 725371847 7292716 618222147 550465162 683877068 606730839 15124058 358907738 752959554 384230379 468284724 92193193 152469608 614330043 809400330 290313069 672850691 204413655 686828337 835481051 214053974 210280855 296350692 523295926 561105541 568708636 720569080 494322877 812114591 47994159 477284559 915081609 486432335 575220224 542272093 100907904 611687755 462013701 737715901 944950184 315766182 394136925 455274015 221116667 518095295 333828827 489488167 121734580 86022294 207804181 27211487 72801883 964860811 66825792 294616613 815067700 62374284 658414340 499234590 526826872 846257198 519290892 808317192 531803988 968172308 922433282 383468055 970645860 9662138 122319900 600465551 131826790 57430653 313857539 551593930
-171254532 92676482 -634153289 752101984 682412098 553467836 552363352 835498736 -232537394 -931353743 -497858302 -621102459 397036643 244685455 232078791 -582717213 -968078600 109656200 -408106344 325162041 -535120207 928444848 600779192 -883894917 -654340725 554899389 327756307 627104084 593878227 -153609868 362350850 686293746 -414591666 -366695591 144988090 -533691679 77603193 -901211149 -164456147 -871731749 438546653 896867093 707611408 -982009182 87036357 -934436513 -12086463 -941614527 -381703468 -988160181 165135076 -15966633 -185983264 252730545 352708073 -755995679 301442729 906973653 -271222714 118096391 -514978722 91259339 405998472 -876978277 -661752813 140063415 873695984 -960781503 -908328475 881472122 -386605019 -697649929 773057584 -500660356 927456936 798845237 -718985194 -898140754 -695691327 -985821970 -46466206 -961424145 -528562139 -63870714 -946988956 -355508129 -230479669 -327991396 489950639 893793171 893834985 -239516157 -901812732 145920841 -976311391 409637533 583488522 179542245 18474167 541413896 -248906698 276101416 -584922033 -282002288 162061575 876438437 75937262 519681644 -984513518 802953420 -864065680 402786352 -846442091 137129601 -644223693 79233057 -643631067 421227431 -212281296 -461834192 -521675539 -818212383 171192801 -332823193 -236199648 -979281629 878647192 944950593 -602267365 -120066446 796309680 -679096641 157559047 -31016747 -227501497 340323958 774383441 243733523 -739283263 -47517216 723998682 822671122 218037147 -434434022 -478029153 -700682327 442056802 675528154 -833408553 523260362 -447326166 -925514059 -741341758 -45044656 -110438513 -141110507 -882413608 260719597 796072942 366804397 -800282217 822108471 -614628089 727111499 702646530 -34258568 -955148243 296390298 771983660 695446910 -556065784 -638746134 -403748907 950290189 -862585673 628385050 -557163348 426489825 -9367883 782173219 792877885 840216060 -145100539 285216415 -801803918 -281381349 -714127776 209691217 -882354746 -271373056 505252707 385175899 659395289 202664396 -600110548 540041940 -147550694 164931227 98984248 -152217267
602095996 712052764 871066377 959954254 963770032 768916551 865679013 137629532 184487663 517972662 949664748 311563719 802615224 764049372 735352596 186606030 352083053 368857435 182430487 205322782 45841579 458034427 833602654 157846655 671893491 397440557 538260323 497037620 940342863 656370383 464374203 869568115 396224472 225153106 998241436 927484212 394353297 787028134 544737140 224134840 875184731 289106592 937124378 758626604 552781504 719543895 643473602 84503258 966861900 899696524 27088576 862631259 336151347 739368675 460401792 383564884 871070565 889367579 132772524 100149019 860029390 989830931 400274556 523977012 770038580 214413702 210513531 797175713 616455436 988758138 219820213 433845823 237033789 737011455 446485057 435560955 464233532 421818233 302146828 509463865 826749194 751543908 488339507 336162179 253525952 728255056 49156101 198270579 653673390 963088889 809342576 336999295 952898734 645082572 402845668 680213993 222732689 799066513 49106755 20511161 27540225 989900856 616952668 111140150 193903397 684360156 613567705 208623583 31494421 554019230 141771730 472388218 592925674 565888465 533496481 538347307 763282320 295538969 348500324 687749095 61277724 527561297 459815112 389996037 603866330 810173368 549367912 224380733 701896621 76281897 935578683 282892587 313095971 501257486 209789034 452864077 16269339 605946054 742470042 656767235 863226745 963261485 976025680 745345925 21735450 132183943 482766163 463738997 293490894 136831220 724130625 90584826 607164334 324250809 186022323 398741268 412797087 341654115 647307737 402788530 352042059 317797801 263146423 393815821 919585764 321802127 885734706 809038436 463034164 236402052 567760311 337564533 641070850 136202732 245165259 730897166 113177589 251313959 846493854 307604373 369498471 759814859 462002569 848948994 382996658 583289315 684895772 887954260 114267940 735284298 43029448 404638776 179213755 44664749 76262758 450783862 897191554 377112991 114965867 122272372
