0
100
3 2
4 10
11 7
5 9
22 6
8 52
35 49
336 373
17 14
48 13
15 12
62 42
27 23
21 24
16 18
19 29
20 26
384 396
282 358
30 87
251 279
38 32
31 36
25 45
310 200
41 33
51 28
374 271
295 296
76 44
40 46
34 63
68 66
277 287
95 37
50 85
247 360
43 39
59 64
298 342
69 82
254 245
47 55
53 61
54 67
75 77
83 58
71 102
80 96
367 264
255 205
56 89
355 219
305 324
380 348
74 57
329 268
109 60
79 98
132 65
258 210
293 382
222 371
119 86
262 242
70 169
253 223
73 84
361 209
397 259
78 72
211 316
272 317
81 101
97 113
154 91
365 217
108 103
104 141
122 134
92 105
389 398
225 204
275 215
88 135
111 93
106 94
250 230
107 90
314 292
300 289
137 117
99 142
269 280
100 110
120 125
331 321
118 115
344 366
136 112
302 257
145 121
319 202
126 138
332 318
390 359
179 129
286 276
114 183
133 123
127 116
291 381
363 224
288 395
175 128
378 244
208 261
124 148
345 260
372 392
139 130
354 362
263 270
322 383
241 364
357 333
234 340
162 131
343 201
164 151
385 369
327 399
158 147
143 140
267 315
281 323
213 337
239 304
146 150
144 191
232 273
212 386
334 226
266 231
156 149
353 290
346 320
152 153
368 394
161 176
160 155
157 165
178 174
167 173
216 284
328 248
325 240
180 159
235 297
350 309
177 190
181 163
166 168
194 170
203 303
256 207
265 252
197 171
182 172
335 387
214 249
339 221
218 379
341 238
229 237
189 185
274 311
352 376
285 375
388 233
246 313
184 186
338 306
198 196
228 330
187 192
188 193
312 206
326 393
351 377
307 243
278 301
356 283
199 195
227 370
391 349
294 299
220 308
347 236
387 335
273 260
218 379
209 361
284 328
341 238
245 254
381 354
339 283
206 389
241 358
207 294
253 223
337 289
287 249
347 368
261 279
385 357
203 303
232 345
308 220
326 393
270 297
318 280
243 372
202 319
325 383
320 346
266 231
271 374
208 324
225 288
321 331
246 257
340 244
371 322
378 302
306 242
256 299
317 259
212 314
307 392
344 386
272 397
235 291
268 329
395 338
277 214
282 315
350 309
348 352
355 390
296 295
370 227
204 262
248 394
363 217
269 221
380 376
388 323
267 205
285 343
360 364
230 250
293 396
210 219
312 398
327 240
298 264
275 215
369 333
278 301
239 304
233 281
263 334
311 274
366 292
365 367
300 252
228 290
313 234
316 330
265 258
332 356
377 351
213 359
236 216
375 201
247 255
349 391
362 226
382 384
286 276
222 399
211 353
342 224
373 336
237 229
251 305
200 310
