0
1000
4 2
3 7
16 11
5 6
8 54
37 9
18 12
26 25
10 13
30 41
23 24
126 17
14 15
2580 3316
43 57
34 118
20 21
27 19
22 47
31 45
36 38
29 168
32 35
65 93
3604 2288
28 70
77 42
49 87
39 73
33 55
80 51
99 53
101 40
113 100
3707 3466
2439 2869
60 72
267 256
2265 2321
92 56
67 46
142 44
2352 2910
50 63
62 153
66 103
48 61
52 71
120 64
58 76
133 128
3970 3933
79 85
69 154
2796 3505
59 74
75 165
109 171
3325 3778
91 163
124 78
95 195
114 68
3565 3306
200 192
81 84
213 136
83 86
157 82
172 170
159 88
131 117
3918 3522
3927 2573
2601 2399
188 132
90 94
2235 2871
135 89
355 253
104 137
110 105
315 263
97 119
2678 2372
231 140
123 182
2787 2865
3212 2374
145 924
96 139
212 98
209 108
112 254
2502 3750
166 121
3239 3625
102 127
111 160
106 421
116 247
107 258
147 130
3654 2730
3694 2800
184 115
3716 3851
144 141
222 150
2807 2087
2885 2274
164 162
2703 2489
134 122
551 335
155 240
185 478
125 324
3766 3546
161 245
3144 3137
269 485
191 243
181 129
207 445
394 234
138 260
146 190
3740 3024
255 186
148 149
2418 3098
384 187
156 143
2108 2211
620 340
2354 2575
262 151
204 152
158 194
2671 3346
323 199
219 252
589 216
215 304
2974 2488
179 281
175 180
288 167
225 169
3477 3447
228 173
210 224
283 233
296 539
174 236
2957 3287
201 598
2610 2811
3197 2780
3635 2995
238 370
317 364
196 316
2448 2500
442 176
322 177
211 345
178 203
3261 3584
249 282
197 363
385 357
183 235
301 265
3971 2674
221 250
2764 2582
510 481
208 202
248 229
446 480
3001 2896
189 299
227 230
232 297
312 295
217 205
3057 3031
2675 3995
3205 3320
275 193
2025 3037
360 198
2410 2063
270 371
264 259
414 239
563 616
206 214
2958 2542
220 272
2334 3800
409 284
566 277
2757 2963
3826 3439
513 218
3567 2275
226 731
381 543
365 407
246 770
3340 3972
306 311
347 244
3821 2398
241 276
330 320
2866 2453
3336 2635
237 223
3698 2079
3248 3782
266 354
3474 2386
393 406
516 378
3588 3159
268 257
401 646
2781 2259
2723 3837
287 308
2759 2621
402 242
300 416
329 366
2412 2478
443 565
387 338
3810 3629
3255 3950
303 412
261 279
271 251
505 294
2261 3751
3509 2530
313 298
2935 3104
351 309
2748 3042
429 550
293 280
353 438
359 396
3904 3952
3868 2767
379 286
2123 3651
3400 2422
278 417
3531 2931
342 274
2605 2699
453 285
344 489
307 452
367 289
625 273
327 350
2007 2864
487 395
609 318
3300 3882
3636 2779
290 349
559 291
3184 3032
292 382
2473 2113
3359 3380
577 319
3540 3773
2421 2784
419 310
531 454
3925 2727
362 337
3641 3391
685 302
314 484
1000 368
356 305
383 535
2317 3425
524 399
321 346
397 777
898 427
3552 2717
2206 2721
339 518
2328 2030
439 390
374 373
537 333
328 411
2406 2357
331 348
3547 3805
2524 3693
2173 3492
667 376
3451 3659
2400 2586
3012 2928
326 423
2316 3626
464 538
325 343
398 332
336 687
2565 3587
2178 3867
496 415
890 501
765 611
634 352
334 584
530 735
495 488
369 388
698 422
380 460
596 341
440 521
403 490
630 498
375 377
404 408
3507 3245
2246 3442
2297 2516
358 389
3487 3005
418 372
361 400
3173 2906
3559 2417
586 466
3103 3292
3893 2984
2143 2834
3593 3621
2149 2147
595 392
2533 3500
2127 2140
533 431
430 413
506 447
2060 2805
2198 3671
519 420
607 692
3056 2375
3875 3796
679 512
3630 3240
3155 2637
2881 2795
426 474
542 555
1394 449
424 572
739 592
2201 3377
482 434
2908 3806
748 473
386 587
3038 2827
2153 2898
504 547
391 433
3020 2497
552 451
3237 2110
410 641
3412 3738
462 594
459 448
2474 3028
523 469
1087 472
425 491
3114 3872
3743 3909
405 534
2479 2130
3048 2020
774 461
725 441
428 517
457 571
694 444
576 508
3360 3422
2534 3601
450 437
509 610
3719 2634
3793 2407
606 435
522 432
2886 3993
500 529
477 723
604 544
2998 2762
3203 2287
471 502
627 436
3490 2548
910 476
638 697
455 652
507 528
2747 3824
564 486
954 503
2863 3864
456 600
637 463
2754 3759
608 583
590 475
3923 3142
716 672
2756 3543
467 465
2608 3065
2133 2185
3569 2849
3471 3847
458 760
3813 2248
3002 2763
2080 3382
3776 3903
2776 2751
483 520
2696 2810
2232 2532
2380 2598
468 532
713 802
2949 2537
682 553
561 493
2734 2432
527 470
613 479
3478 2183
3428 3989
951 573
3695 2665
3594 3702
515 511
3669 2725
993 494
2662 2019
2094 3236
3241 2589
767 862
618 736
492 671
2454 2170
3599 2395
2461 3943
3355 3317
2436 3060
575 819
3494 2483
3532 2638
568 666
2197 3273
2428 2157
588 624
499 548
497 578
3774 2449
2641 2114
549 579
2445 2191
3283 2755
2724 3600
3678 3113
629 557
593 514
626 632
3063 3280
822 724
3794 3590
569 601
3976 3598
2302 3215
562 574
581 628
623 580
847 643
751 526
525 884
545 670
680 710
695 615
612 556
2894 3661
2242 2616
541 711
2192 3332
2642 3033
926 656
3139 3613
3966 2050
554 585
3566 2541
1027 560
636 661
597 645
3517 3852
570 677
779 536
3052 2223
925 691
3019 3231
540 936
658 546
558 567
2758 3790
2392 2300
2134 3444
2813 3256
700 805
2195 2991
2013 2484
2152 3326
2258 2330
2250 2743
3276 3066
2135 3648
914 945
665 758
3849 3322
722 874
3787 3473
2117 2010
2859 3395
1030 701
2384 2338
797 690
3426 2355
776 605
3609 2208
3573 2659
3160 3831
930 869
644 752
3297 3888
622 1054
662 602
683 582
891 719
812 681
591 1382
707 754
3361 2431
745 653
3006 2492
2078 2015
619 761
794 705
3457 3699
3223 2783
2293 3437
2681 3945
631 786
789 635
3087 2280
2404 3151
657 783
1141 599
2720 2391
603 831
2999 3138
647 674
2475 3747
2527 2126
649 800
728 715
829 903
2629 2853
639 663
621 614
753 676
3374 3884
3210 2163
617 712
816 648
3549 2742
693 633
2419 2831
2107 3739
650 764
2139 2165
640 746
808 815
2892 3997
3349 3818
2523 2513
795 684
872 838
813 893
2370 2760
704 756
817 654
678 737
3760 3501
820 729
2231 3055
2150 3167
901 642
655 664
1164 821
3663 2595
912 809
3288 3270
763 762
2547 3717
2690 2225
730 651
2799 3896
699 883
702 696
2026 2318
3860 2631
2632 2257
2100 3516
2325 2559
659 806
793 741
2426 2273
780 971
3201 3664
3583 2557
845 798
768 660
3404 3027
708 675
3638 3224
742 769
2959 2839
799 757
3126 3188
668 673
738 669
749 790
2653 2597
3922 3887
849 979
1017 998
841 796
3817 3974
706 1419
688 825
2792 2101
1276 1057
858 814
686 782
850 689
2698 2381
3930 3427
2356 2430
3413 2247
3099 2884
791 848
759 778
714 792
2494 2268
804 969
3407 2646
784 747
860 766
871 721
775 727
3744 3257
852 733
703 1063
2466 3040
726 720
717 830
2561 2233
709 855
3562 3589
750 718
3634 2181
1034 755
1004 1039
833 1088
2706 3187
823 1058
3827 2877
2402 3034
851 785
2405 3611
3301 2501
732 856
892 734
907 740
3046 3977
1106 1267
827 1248
1187 744
2740 2982
2487 2207
824 843
3347 2584
771 801
2229 2786
3855 2346
743 781
3136 3964
1060 810
844 836
3899 3679
917 866
3591 2955
788 965
3226 3228
3414 2832
2905 2768
875 1129
773 803
787 867
3183 2989
2512 3059
3642 2256
3406 2037
3376 2915
834 964
772 909
2587 2277
1363 919
2291 2815
3171 3405
3942 2924
2312 2159
807 832
2039 3652
857 995
846 886
1023 873
3158 2857
837 967
3399 3666
1213 915
2283 3017
868 859
1138 1019
2002 2697
920 1104
1301 985
3597 3271
3912 3957
3373 3764
3662 3486
840 1329
3947 3449
3833 2493
3834 3209
929 826
861 935
2891 3161
2176 3916
878 937
2988 2031
885 975
2739 2290
2335 3935
3277 2736
3862 2284
939 983
3157 2340
3981 2848
3519 2082
906 902
2296 3344
2704 3430
3832 3298
1116 940
2829 2227
3252 3984
933 1078
970 897
835 1226
3072 2735
818 880
1092 811
988 916
2347 3940
3491 3938
3352 3004
2155 3468
854 1069
3605 3955
2109 2612
865 1268
2890 2343
2212 2860
1119 828
1124 1313
2286 3452
1113 888
3649 3247
1006 1648
1002 955
1001 944
2576 3926
1180 842
863 1085
3415 2480
2997 2097
881 918
927 839
3372 3570
2567 2251
853 870
2718 3723
3397 3680
3856 2322
2075 3691
864 895
987 1024
894 877
1322 896
2507 2967
3443 2833
3633 3577
2490 3475
3014 2096
876 958
2314 2571
1007 1093
949 922
980 905
879 913
2936 3100
3880 2348
3808 2122
2337 2830
2204 3503
2292 2929
943 923
1131 1038
996 1105
3455 3260
2818 3389
966 1031
1343 911
3432 3130
899 1234
3211 3861
2323 2005
900 1183
981 908
1048 1062
1132 1144
3879 2966
938 882
3318 3010
889 887
1083 990
3628 3105
1096 904
3051 2694
2470 2673
3897 3246
3603 2016
3568 3330
3108 2788
2843 3979
1014 932
1035 956
921 1258
3194 2012
1010 1239
2560 2414
1005 948
2604 2455
1244 1127
941 1364
928 1077
1070 1215
2151 3022
952 1067
1147 992
2309 2145
1040 959
3937 2692
3367 2188
1013 1100
3990 3378
3107 3541
942 931
963 1016
2345 2264
2255 2947
1047 1081
1111 934
3710 2262
957 962
953 1064
1416 1015
3307 2971
1153 1021
2186 3030
3090 3070
2052 3163
2899 3901
986 961
1066 950
947 1097
2950 2393
1286 1028
1018 960
2112 2243
946 1294
991 1110
3458 3533
2789 2144
2652 2902
976 1051
1178 1065
2304 2975
2336 2353
1003 972
2791 3783
1036 1029
3023 3582
1032 1228
1243 999
978 973
2960 3530
974 968
3080 2572
989 1136
2722 3365
1056 1008
977 1148
3627 2775
1079 1053
3175 3670
3025 2592
1417 1222
2058 2125
2938 3874
3424 3460
2691 2919
3278 2054
1155 1167
2769 3756
3514 2801
982 1050
2382 2633
3154 2468
2387 2562
3035 2388
984 1074
3551 2086
2667 3448
3431 2093
1020 1043
1324 1302
1115 1042
1149 1095
2719 2895
1091 1193
2121 2836
1328 1114
997 994
3064 2203
1059 1670
1397 1098
1049 1587
2603 3018
3504 3418
1012 1041
1076 1037
1082 1009
1210 1099
1061 1044
1361 1103
2505 3801
2464 2476
2882 2389
1297 1011
3712 2028
1073 1089
1033 1159
1279 1055
3844 3859
1203 1022
1046 1196
3220 2427
3375 2549
1439 1357
3334 3206
2939 3219
1026 1176
1188 1259
2733 2209
1052 1025
1045 1126
3495 3876
2553 2855
1828 1139
3233 3617
1101 1134
1122 1102
1135 1211
2331 2745
1086 1094
3311 3192
2555 2556
1072 1261
3109 3345
3251 3709
3965 3508
2194 2282
2239 3484
2588 2160
1207 1201
3135 2693
2032 3410
3576 2205
1071 1142
1663 1230
3890 3338
1340 1255
1299 1128
3653 2415
3797 3101
3905 3191
1084 1118
1304 1169
1344 1140
2180 2035
1120 1691
1075 1412
1406 1112
1068 1090
1163 1430
3610 3667
1117 1150
1584 1152
2305 3618
2985 2193
1171 1379
2066 2263
2088 3665
3724 2933
3207 2142
1231 1080
2845 2521
2887 3384
1245 1445
2349 3746
3062 2732
2797 3954
1108 1191
2420 2900
3650 2215
1123 1369
1249 1146
1145 1157
2041 3068
3620 2383
2504 3520
2313 2682
1107 1162
3265 3193
1251 1212
1179 1677
3863 2770
3145 3189
1121 1166
1229 1209
3150 3327
1450 1469
1236 1125
3932 2136
2761 2327
1109 1266
1300 1185
1172 1161
3438 2364
1182 1429
1189 1330
3843 2315
3804 2766
1221 1195
1168 1133
3934 2070
1282 1278
1250 1130
2491 3784
1197 1263
1386 1173
3885 3238
1205 1199
3713 3200
1137 1238
1277 1270
3737 2825
1198 1421
1151 1303
1158 1160
3417 2076
1154 1156
2141 2408
3095 3612
1514 1233
2172 3996
1143 1184
3674 3524
3122 3714
3302 2077
1204 1175
1235 1641
1358 1273
1561 1434
2481 3992
2397 2620
3792 2332
1194 1285
3939 3488
1165 1170
2047 2148
2519 2202
3761 2660
1177 1320
2883 3445
3842 2154
1290 1405
3229 3803
3061 2685
2042 3962
1645 1242
1269 1202
1359 1214
1174 1247
2551 3434
1291 1408
1232 1519
2119 3195
1347 1223
3978 2522
3454 2973
2729 3164
1289 1192
1326 1181
1272 1449
3946 2301
1346 1186
1539 1380
2712 2339
3529 3560
2252 2819
1308 1296
1513 1220
2996 3697
1440 1325
1190 1200
3915 2102
1280 1351
1601 1709
2945 2222
3781 3044
3262 2294
3534 3681
1348 1208
1327 1252
1256 1217
3944 2457
2511 3777
1319 1206
1295 1459
2006 2793
1253 1438
2705 2579
1453 1306
3291 3003
1511 1384
2081 3356
1237 1264
1275 1216
3558 2600
1549 1224
1240 1218
3768 2715
2056 2182
1257 1219
1227 1246
1225 1265
3331 3353
2098 3312
2295 2240
1381 1335
1424 1241
1431 1345
2048 3323
2940 2409
3131 2440
1332 1311
2840 3143
1390 1400
1315 1312
1687 1594
3169 2166
2980 3309
2640 3013
3199 2893
3700 2994
1298 1316
3616 3021
2467 2450
2072 3836
2514 3958
3973 2803
1479 1274
3053 3085
3423 2782
1271 1305
3371 2623
1321 1451
1486 1309
3244 3387
2627 3511
3392 2441
1254 1287
3643 2622
1260 1318
1342 1437
1262 1492
2772 3485
1283 1288
3515 3049
3149 2462
2790 3631
1387 1354
2920 3242
2934 3735
2619 3202
1616 1484
1317 1395
1284 1323
2228 2666
1528 1376
1292 1414
1527 1374
1352 1461
2485 3555
3016 3408
1378 1339
2654 3811
3686 2907
3502 2276
1579 1281
1337 1418
2858 3825
3675 2187
3994 2220
1368 1604
1448 1293
2568 2650
3463 2267
2944 2570
1428 1393
3216 3411
3967 2008
1897 1494
1396 1349
1307 1375
3073 3026
2310 2169
1310 1543
3929 3961
3362 2583
1403 1425
2663 2618
3304 3133
3645 3339
1331 1552
1314 1432
1366 1402
3683 3998
1370 1371
2709 3403
1612 1483
2750 2695
1333 1446
2677 2661
2018 2244
1356 1401
3637 3866
3975 3363
2965 3902
2854 3329
1685 1452
1353 1362
3556 2925
1426 1842
3607 3780
1562 1367
1603 1365
1336 1818
3354 2499
3846 2179
1476 1334
1467 1338
1413 1546
2199 2649
3213 2298
3381 3121
1389 1355
2378 3082
1501 1341
1563 1404
3920 2916
1350 1377
1475 1383
3111 3462
1360 1464
1373 1569
2643 2874
3123 3075
2540 3518
3841 2084
2011 3178
3196 3708
1372 1443
2085 2045
3249 2702
3198 2362
3118 3754
1420 1490
3263 2435
1392 1447
2230 2131
2416 2809
1535 1407
2979 2285
1433 1423
2376 3221
1398 1674
2329 2749
1489 1619
2676 3595
1385 1544
1460 1409
3968 2046
1455 1502
3911 3769
1465 1482
2679 3314
1388 1470
2115 3510
1463 1422
1471 1411
2948 3878
2003 2099
1487 1435
3441 2495
1568 1498
1477 1526
1518 1410
2964 3526
1598 1391
2069 3275
2615 2701
3889 2901
1524 1456
2367 2981
1553 1442
1399 1521
2913 3848
2851 3074
1554 1468
3008 3542
2961 3480
1510 1473
2279 3730
1781 1542
1415 1537
3606 2952
2808 2219
1799 1503
2970 2021
1520 1454
3892 3204
2688 2656
3007 2731
3416 3829
2269 3106
1499 1895
2272 3341
2657 3623
1436 1573
1530 1505
2937 2174
3506 3092
2385 3077
2539 3177
1846 1427
1441 1570
3117 3045
1472 1548
1509 1507
2867 3956
2120 2065
1517 1474
2683 2889
3294 2992
3047 2068
2912 3839
3450 3181
3527 3931
1574 1462
3182 3015
1534 1599
1444 1596
2156 3286
2344 2765
1536 1457
3720 2771
1506 1580
1481 1538
1529 1638
1458 1508
1515 1622
1500 1531
3755 2444
1488 1522
1557 1523
3548 3335
1722 1560
1577 1478
3078 3127
3658 2129
2814 2563
1593 1466
3917 3704
1879 1626
2932 3140
2726 2358
1694 1491
1496 1495
3333 3440
1605 1504
1480 1540
3822 3528
1642 1766
1767 1567
2802 3838
2943 2922
1493 1565
2806 2164
1646 1632
1617 1898
1812 1485
1784 1512
1547 1497
3809 3050
1654 1669
2471 2630
2962 3102
3186 3985
3705 3479
3125 2092
2986 2033
2777 2828
2954 3668
2785 3289
1758 1595
3293 2022
1582 1541
1591 1699
3039 3557
3258 2728
1627 1659
1576 1551
2105 3873
2687 2569
1657 1813
1589 1564
1516 1756
1550 1566
2528 2879
1631 1639
3230 3883
1628 1608
2438 2824
1844 1824
1667 1583
2953 2977
3115 3132
2073 3379
1525 1611
1655 1556
3770 3907
2413 3877
3701 2044
1532 1714
3745 2594
1718 1673
1533 1590
3895 3370
1664 1634
2536 3786
2672 3446
1660 1675
3409 3791
1662 1633
1578 1545
2184 3096
2993 3639
1984 1613
2036 3315
2177 3869
3119 2599
1665 1607
2460 2741
2911 3814
1651 1558
3733 2452
1859 1610
1588 1575
1698 1555
1630 1602
1656 1559
2746 3853
1592 1623
1652 1571
3726 3728
2324 3470
3398 2926
1624 1625
3622 2221
1701 1780
1690 1586
1672 1600
1747 1776
3110 2236
1643 1572
3608 3815
2942 3129
2812 3366
3282 2023
1636 1742
1717 1640
3586 3116
3342 3580
1618 1585
3553 2216
2647 3190
3254 3170
1783 1704
1744 1581
1700 1606
2241 2713
3054 2368
1629 1635
2823 2189
2972 3963
1637 1683
2106 2956
1597 1822
2306 3646
1649 1739
2752 3390
2043 3464
1614 1900
3083 3235
2104 3574
1716 1686
1749 1621
2917 2651
2245 3960
1647 1745
1609 1721
1661 1726
2596 3835
3279 3165
2423 3798
1682 1741
1693 1697
3692 3482
3672 2909
3310 2278
1620 1615
1787 1790
2897 2930
3585 2870
1765 1644
3799 2744
3041 3358
2878 2128
3673 2369
3147 2624
2214 3914
3696 2038
3986 3253
2299 3688
3523 3364
3166 2875
1743 1681
3757 2057
2821 2326
3758 3969
1760 1678
2234 2581
3493 2017
2564 3775
2266 2969
1684 1707
2320 3731
2550 3819
3513 3550
3812 3319
3081 3071
1738 1774
1676 1719
2951 3321
1650 1658
3575 2443
1689 1653
3153 3676
1754 1708
3571 3980
1666 1692
2175 2578
1679 1737
3156 2029
1815 1809
1748 1696
1807 1671
2238 2224
3602 2001
3871 2614
2941 3898
1752 1772
3785 2525
2655 3483
1730 1668
1706 1857
1817 1688
3682 3435
3401 2844
1805 1710
3640 2976
2838 3614
1755 1727
3281 3906
1786 1808
2132 3088
1733 1680
2846 2009
1829 1936
2873 3285
2914 2645
1814 1695
1893 1702
1896 1729
1736 1712
1703 1705
3816 3913
2062 2210
2425 2543
1825 1731
1713 1873
3596 2644
3857 3748
3563 3324
2213 3845
1725 1777
1715 1732
1734 1935
2921 3734
3419 2168
2658 2167
1711 1746
1913 1720
3214 2249
2820 3767
1728 1882
3512 2424
2138 2773
3858 2509
2842 2095
3185 2798
2359 2636
2529 2307
2051 2876
1735 1848
1751 1806
1723 1724
1750 1757
2341 3269
3763 2365
1740 1837
3168 3489
3388 3753
2396 3886
3536 3928
2074 2111
3703 2433
1770 1946
1785 1793
2071 3854
1763 1834
2574 2689
1800 1791
1811 1795
3343 2434
2554 3722
3284 2371
2774 2254
1779 1771
3313 2664
1804 1866
1911 1768
1925 1860
3544 2607
2253 2394
3677 2552
3891 3689
2609 3385
1855 1761
2459 3535
1864 1753
1759 1769
1762 1764
2447 2710
1877 1782
1863 1773
3222 2162
2531 3936
3959 2590
2545 3554
3788 3476
3328 2363
2794 3467
1792 1856
2850 3779
2670 3850
1870 1872
3711 3537
1798 1838
1778 1907
1788 1775
3208 3067
1797 1832
1794 1826
2482 3632
3525 2526
2124 2451
3097 3076
1789 1810
3657 2778
1796 1843
3736 2826
2090 2146
1802 1820
1952 1867
2379 2496
1908 1841
1801 1835
2064 3091
1847 1885
1899 1831
1881 1950
3870 3058
3148 3268
3721 3350
1803 1862
2361 2927
2837 2684
2538 2411
3146 3820
1827 1816
2303 3180
3840 3807
2708 3348
1819 1875
1905 1821
1906 1943
1839 1947
2161 2311
3421 3234
2923 3383
3036 2648
3742 3982
1836 1948
2518 3243
3174 3172
1823 1871
1942 1980
3305 3079
1840 1830
3715 3308
3429 3000
1850 1869
3953 3894
2577 2217
1853 1920
2456 3086
3685 2822
2816 3729
1890 1833
2004 2686
1887 1845
3179 2804
2270 2968
2067 2437
3232 3908
3433 2360
3084 3538
1849 1991
1878 1851
2606 3521
1852 1970
2103 3272
2171 2271
1858 1865
2669 3456
3732 3453
3498 2872
3592 2053
1854 1914
3420 3919
3461 2446
3357 2508
3644 3267
1861 1909
3660 3564
3624 3687
1868 1927
3983 3295
1944 1903
1876 1919
3472 2083
1889 1966
1874 1973
3561 2158
1933 1915
3991 3706
1886 1916
1888 1883
3465 3469
2585 2465
1954 1951
2990 3337
3951 2680
3369 3141
1884 1880
1938 1940
3043 2403
1891 1892
2477 2342
1910 1971
1969 1894
1901 1979
3795 2442
3690 3299
3578 3881
2716 2611
1955 1962
3124 2429
2707 2510
2628 2639
3396 2868
3772 2200
1902 1904
1928 1956
3152 2817
3259 3112
1930 1918
3789 2558
2218 3128
1931 1960
1964 1939
1912 1921
1923 1977
3987 3581
3351 3924
2091 2061
1922 1924
2515 2625
1937 1917
3386 2055
3011 2841
3656 3725
3823 3988
3771 3749
2350 2463
1958 1932
2711 3009
2983 2319
2591 2281
1929 1953
3481 2738
3910 2946
1934 1926
3762 2506
1981 1961
1941 1968
3545 3921
2626 2617
2237 3828
1967 1945
3497 2903
3499 2918
3162 2880
3802 2116
3134 2520
3069 2856
3459 2373
3572 2024
3436 2613
3093 2059
2987 2458
3655 2835
3264 2517
1959 1949
3727 3393
2401 2486
1965 1983
2602 2978
2498 3865
3619 3394
2737 2289
3900 3274
2714 2000
1957 1975
2847 2469
1974 1963
2546 3615
2593 2904
2472 3741
2377 2137
2190 2049
1988 1972
3999 3218
1990 1989
1986 1982
1985 1978
2390 3094
3579 2366
3684 3941
3830 3948
2862 2861
2196 2226
1976 1992
3647 3296
3089 3176
2014 2260
3266 2034
2535 3402
2700 2040
2027 3217
1987 1994
1995 1993
3718 3539
3496 2333
3029 3765
2753 2089
2351 3303
2544 3250
2888 3227
2566 2503
3752 3368
3120 3949
1996 1997
3290 2308
1998 1999
2118 3225
2852 2668
3673 2088
2579 3705
3024 2576
3014 3052
2079 3476
2092 2614
3897 2077
3054 2809
2641 3441
3420 3127
3070 2271
3274 3957
3323 2817
2548 3313
2229 3297
3218 3717
2865 3967
3305 3661
2291 2347
3268 3872
2039 2078
2853 3380
2838 2933
3034 3295
2069 2468
3223 3758
2610 3007
3653 2095
3909 3725
2763 3546
2108 2864
3236 2475
3093 2649
2981 2669
3840 3922
2268 2464
2557 2429
3269 3169
3215 2716
3985 3358
3745 3074
2688 3022
2637 2408
2820 2156
2128 2823
3771 3173
2728 2854
3807 3887
3744 2087
2546 3882
3397 3607
3606 3687
3053 3662
3889 3563
3533 2545
3924 3145
2269 2175
3224 3762
3073 2745
3090 2171
2179 2132
3770 2383
2761 3752
3567 3501
3652 2015
2706 3772
2340 2174
2786 3888
2052 2585
3630 2932
2145 3514
2540 2528
2772 3804
3861 3383
3846 3088
2752 2329
3749 2906
2003 2677
2891 3143
3234 3336
2827 3716
3211 2923
3046 3809
2332 3271
3490 2664
2599 3742
2651 3822
2928 3492
3913 2212
3051 2456
2279 3208
3082 2511
3603 3523
2848 3075
2560 3151
3615 3300
2480 2577
2314 3386
2063 3477
2634 3408
2225 3911
3449 3319
2507 2536
2260 2325
3161 2840
2099 2661
3663 2178
3866 2442
2710 3118
3732 2565
2542 2440
2285 3644
3171 2196
3186 3041
3097 2187
3627 2683
2125 2320
2941 2861
3312 3071
2134 3837
3901 3741
2256 3684
2059 2199
2028 3213
2164 3643
2303 2556
2034 3692
3629 3480
3981 3123
2439 3064
2893 2586
3385 2239
3341 3892
2337 2828
2534 2403
3170 2687
2051 2646
3571 3493
3588 2405
3108 3975
2221 3843
3638 2506
2613 3334
3626 3294
3556 2270
3037 3032
3258 3329
3698 3788
2319 2580
3220 2394
3155 2141
2397 2116
3669 3959
2780 2936
3949 3923
3175 2729
2681 3834
3390 2749
2711 3428
2881 2655
3117 2558
2804 3167
3308 2181
2133 3604
2020 2445
2572 3580
2949 3391
3307 2835
2883 2515
2177 3137
2361 2370
2410 3447
3710 3008
2252 3279
2564 2138
2810 3289
2378 3777
2670 3049
2048 3152
2629 3359
2275 3760
3001 2647
2435 3096
2748 2460
3519 3256
3322 2593
3797 3217
2919 2197
3404 2162
2473 2738
3452 2423
2787 2008
2372 3491
2343 3425
3212 2935
2913 3527
2233 2247
2878 2189
3231 3261
2570 3116
2734 3203
3973 2980
3776 3811
2702 2505
2927 2760
3621 3377
2019 2914
2342 2399
3686 2808
3718 3298
2916 3876
3522 3727
2100 2060
3351 3189
3582 3499
3101 2027
3443 3219
3284 3417
2388 3207
3111 2519
2899 2472
2776 2449
2302 2611
2050 2849
2958 3131
3796 2481
2834 2676
3564 3574
2875 2589
2220 3146
3502 3183
2594 2851
3402 2765
3200 2940
2662 2645
2686 3511
2248 2167
2428 2277
3690 2453
2712 2672
2518 3355
2114 2495
3314 3823
3880 3301
3421 2635
2847 2562
2719 3672
3026 2331
3042 2741
2357 2960
3503 3558
3678 2750
2811 2731
2206 3997
2016 3364
3713 2409
3328 2013
2751 3774
3903 2654
3410 3722
3816 2860
2218 2684
2364 3293
3412 3590
3121 3891
3335 2965
3850 3515
2274 3455
2011 3021
3649 3578
2947 2606
3232 2353
2970 3366
3954 2118
3392 2023
3259 2950
2111 3650
2942 2756
2976 2458
2482 3033
3291 3737
2819 3165
2255 3521
3540 2512
2584 3654
2740 2844
2943 3863
2093 3633
3562 3192
2963 2430
3141 3233
3029 2242
3721 3122
3160 3435
2103 2152
3266 3482
3899 2001
2826 3062
2459 2299
2907 2219
2323 2996
3244 2207
2056 3235
2951 3842
2552 3693
3583 3124
3753 2638
2493 3723
3877 3551
3632 2642
3791 3177
3381 3689
3854 3708
2204 2600
2477 2601
3907 3620
2296 2049
3993 3327
2427 2253
2858 3454
3230 2790
3908 2336
3775 2773
2413 2086
2085 3726
3228 3091
2030 2421
2290 2868
3462 2202
3883 3631
2620 3802
3179 2150
2130 3221
3019 3584
2510 2326
2791 3198
2224 3365
3900 3912
2747 2856
2535 2344
2870 2845
2792 3281
3683 3962
2447 3754
2783 3969
2679 3988
3933 3520
3378 3755
2084 3987
2803 3309
3942 2091
3750 2422
3568 3403
2300 2067
3457 3310
3884 2698
3139 2626
3025 2462
3790 3357
2346 2161
3012 2173
2705 3479
2675 2573
3148 3114
3035 2142
3610 2307
2358 2106
3113 2695
3806 2401
3905 2312
3229 2574
2245 3472
3739 3406
3247 3881
2657 2292
3736 2732
2656 2151
2632 3525
2922 2770
2839 3709
3002 3766
2830 2777
3799 3065
3677 2524
3415 2217
2348 2501
3666 2538
2952 3624
3824 3069
3977 3050
3011 2934
3833 2718
3077 2073
2527 2036
3647 3055
2143 3595
2667 2131
3424 2665
3751 2305
2182 3083
2984 3348
3848 3931
3136 2568
3831 3682
3105 3352
3896 3510
2419 2520
3767 3286
3085 3486
2815 3940
2720 3471
3372 3040
3448 2230
2885 3260
2294 2452
3333 2102
2355 2714
3438 2022
3925 2192
2417 3646
3918 3393
3664 3830
2096 2223
2227 2308
3031 3320
3579 3553
3109 2930
3080 3342
3188 2009
2082 2813
3699 2278
2636 2283
3079 2894
3158 2771
3465 3036
2385 3379
3748 3536
2107 2037
2979 3267
3773 3059
3549 2237
2172 2953
3792 3597
2368 2416
3601 3043
2146 3242
2969 2724
3865 3270
3468 2384
2997 3885
2265 3538
2971 3655
2869 2203
2057 3939
3960 2083
2595 3867
2489 3255
2455 2550
2349 2249
2124 2267
2479 2376
2530 3089
2382 3619
2739 3396
3613 2617
3702 2170
3740 3926
2304 2618
3995 3927
2418 3729
2829 3290
2250 2957
2917 3528
2912 2903
3852 2024
3427 2043
3914 2431
2318 2563
3115 2046
3068 3870
2926 3423
3044 3153
3800 2794
2461 3565
2609 3484
3674 3133
2993 3028
2726 2956
2058 3731
3440 3915
3839 3497
2764 2424
2266 3600
3821 3227
2012 2640
3593 2201
3418 3537
2871 3356
2884 2010
2426 2737
3712 2298
2795 3483
2334 3467
3589 3311
3000 2213
2624 3934
3701 2035
3174 2551
3719 3016
2415 2842
2006 3162
2541 2244
3278 2994
2163 2436
3958 2850
3963 2491
2974 3325
3180 2555
3373 3685
2457 2210
3485 2766
3166 3241
2566 3756
2264 2375
3112 2393
2014 2559
3453 3587
3573 2351
3257 2807
3764 2822
3980 2017
2605 3858
2158 3414
2251 2147
2788 3363
3125 3871
2144 2040
3240 3140
3970 2504
3157 2937
3937 2065
2901 3324
3473 2544
2733 2955
3249 3801
2697 2938
3128 2837
3048 2191
3768 3015
3996 2977
2513 3496
3276 3868
2398 2888
2758 2508
3431 3577
2412 2682
2309 2801
3106 2578
2964 2588
2002 3874
2798 3507
2371 2076
2328 2784
3375 2531
3614 3724
3640 2987
2628 3763
2742 3828
2286 3798
3126 2846
3517 3572
3187 2200
2324 3018
3199 2400
3857 3928
2211 2007
2243 2195
2877 2597
3920 3495
2234 3337
3516 2805
2139 3094
3099 2117
3825 2973
3475 3371
2121 3459
2754 3625
3955 3910
3387 2487
3628 3004
3299 2866
3172 3434
2699 2509
3953 2066
3057 3205
3561 2832
3066 2767
3585 2521
2025 3184
2369 3665
3292 2395
3098 2816
3759 3239
3814 3785
2032 2554
3853 3648
3138 3437
2537 3641
3945 3209
3159 3611
2257 2526
2666 2129
2232 2873
2692 2120
3458 3554
2982 3401
2549 3936
3869 3144
3487 3283
3743 3656
2101 3906
2469 2387
3943 3306
3129 3543
3813 2658
3349 2463
3681 2068
3246 3302
2262 3542
2183 2471
2335 3557
3185 3245
3265 3879
2498 3288
3191 2159
2978 2500
2876 3407
3605 2946
3746 3214
2859 2280
3875 3992
2228 3658
2503 2769
3277 2153
2483 2137
2768 2499
3509 3176
3005 2755
2392 2437
3147 2070
3855 2311
2470 3384
3347 2730
3524 3304
2363 2484
3248 2198
2962 3508
3061 3181
3436 3206
3168 2072
2004 2627
3226 2064
2704 3886
2094 3747
2659 3303
2238 2722
3389 3596
3890 2136
2282 3808
2075 2921
3594 2454
2818 2644
2833 2939
2272 3204
2209 3591
2194 2122
2736 2898
2874 2954
2053 3793
3864 3635
2789 2700
3339 2867
2631 3917
2297 3986
3010 3280
2959 3251
3964 2650
3254 2569
3803 2689
2434 3974
2492 3921
2165 2390
3657 3703
2140 3202
3612 3529
3193 2966
3998 2042
3460 3695
2592 3149
2345 3056
3263 2184
3376 2517
3639 2474
3197 3100
2322 3873
2639 2365
2316 2992
2915 3264
2478 2313
3972 3552
3691 3734
2276 2989
3027 3222
2155 2338
2420 2753
3680 3780
2779 3991
3345 2897
2900 2089
2044 2180
3659 3442
2735 3505
3645 3956
3990 2444
2571 2055
2494 2476
3765 2616
2193 2591
3275 3154
3526 2160
2038 3835
2797 3225
2157 2587
2553 2948
3399 2411
3045 3789
3994 3820
2727 3332
3966 3569
2432 2287
2425 2310
2967 3786
2113 3481
3815 2607
3862 2379
2633 3394
2583 2254
2713 3971
3344 2190
2581 2990
2389 2612
2778 2433
3321 2154
2450 3961
2567 2149
2031 3506
2214 3361
3555 2119
2908 2486
2890 2317
3576 2668
3715 3634
2972 3784
2532 3285
2360 3422
3210 3060
2886 3150
3343 3817
3898 2862
2841 3735
3670 3164
2694 3086
2339 3446
3466 2843
3478 2630
2497 2188
3783 2362
3430 2396
2516 3253
3826 2123
3382 3531
2757 2356
2205 2852
2725 2590
3072 2796
3038 3851
2882 2109
3095 3560
3132 3968
3163 2465
3362 2774
2080 2931
3637 3795
3107 2438
3350 3714
3120 3142
2391 3847
3730 3067
2488 3778
2502 3400
3856 2105
2895 2909
2045 3728
3539 3832
3947 3812
3409 2539
2098 3081
3076 3675
2485 3195
3622 2315
2673 2887
3451 2246
2126 3315
2222 3411
2660 3575
2258 3895
2367 3456
2026 2814
2514 3779
3296 2231
3849 2904
2240 3416
2685 3450
2446 2352
2793 2880
2054 3700
3978 2615
2441 3282
3346 2259
3338 3932
3237 3859
2414 2404
2071 3196
2261 3618
3243 3317
3398 2782
2522 2701
3318 3063
2021 2812
2330 3370
2744 2608
2033 3156
2561 3413
3518 2879
2775 2889
3432 3976
2097 3238
2652 3419
2621 3110
2986 2029
2643 3668
3023 2918
3805 3904
2759 2236
3474 2380
3388 3532
3707 3979
2998 2800
3130 3598
3444 2723
3330 2709
3009 3989
3340 2717
3513 2148
3592 2407
3003 2825
3494 2377
3374 2381
3787 3250
3827 2653
3439 3651
2925 2968
2863 2995
2836 2373
3445 2625
2945 3216
2284 2496
3548 3902
2905 3354
3951 2802
3178 3616
3433 3360
2235 2081
2690 3769
3608 3544
3272 3326
3636 3706
2543 2169
2359 3017
2975 2663
2490 2623
3547 3952
3429 3845
2604 3819
2110 3844
2185 2288
2208 3498
3006 3545
2743 3287
2402 3983
2112 2991
2691 3273
3103 3599
3916 2575
2327 3368
2041 3058
2715 3182
2273 2289
3252 2533
2295 3829
3930 3464
2680 3838
2831 3134
3894 2263
3781 3676
2855 3878
2902 2168
2386 2598
3534 3047
3369 3617
2671 2781
2983 3316
2090 2920
3667 2529
3761 2443
3461 2910
3550 2047
3405 2226
2911 2525
2988 3092
3566 2018
3841 3581
3810 2961
3984 3500
2241 2674
2703 3950
2857 3720
2721 2892
3020 3367
3262 3733
3919 3078
3331 3030
2074 2215
3757 3488
3570 2466
2366 2216
3489 3836
3504 3711
3535 3688
3935 3039
2374 3104
3541 2824
2944 3586
3469 2648
2806 2622
3194 3013
2896 3190
2999 2293
2341 2166
2746 2135
3999 2547
2678 3938
3353 2186
2924 2061
2406 3530
2582 3512
2005 3697
2321 3084
3696 2596
2451 3463
3642 3941
3559 2306
2707 2821
2696 2785
3102 3965
3738 3794
3201 3948
3946 3135
2301 2693
2127 2619
3623 2929
2467 3929
3944 2062
3426 2000
3609 2872
3679 3602
3818 2350
3395 3087
3470 2603
2799 2115
2985 2281
3782 3671
2762 3694
3893 2708
3860 3704
2176 2354
3119 3982
2523 2333
2602 2448
3660 2104
