374609258
187304629
296826159
824206545
912103276
228025819
807006460
403503230
600875811
800437909
450109479
931263691
982815928
245703982
561425999
780713003
890356505
472589128
59073641
264768412
66192103
533096055
766548031
941637013
970818510
485409255
742704631
935676163
983919046
872989886
718247475
929561874
366195236
91548809
272887204
136443602
68221801
267055452
66763863
766690971
941672748
235418187
617709097
404427276
202213638
550553413
387638355
693819181
846909594
423454797
355863701
834741487
958685377
489671346
244835673
622417840
311208920
155604460
77802230
38901115
759725284
379862642
189931321
297482832
148741416
74370708
37185354
18592677
509296342
406831024
101707756
50853878
25426939
756356740
378178370
189089185
594544596
148636149
287159039
643579523
821789765
910894886
455447443
431930933
715965470
357982735
678991371
919747848
459873924
229936962
114968481
278742122
139371061
569685534
642421387
821210697
455302676
227651338
556912838
639228213
819614110
409807055
926225888
231556472
115778236
57889118
28944559
514472283
757236145
878618076
219654519
609827263
804913635
902456821
951228414
934451782
733612949
866806478
858350815
929175411
491146929
372786734
186393367
949149592
474574796
118643699
559321853
694915236
347457618
173728809
293432204
146716102
73358051
384169759
846042445
923021226
730755310
682688831
841344419
960336110
740084031
870042019
935021013
483755255
741877631
870938819
935469413
967734710
870966844
435483422
217741711
608870859
804435433
902217720
451108860
112777215
778194309
889097158
722274293
861137150
857642149
928821078
732205273
866102640
433051320
54131415
527065711
881766433
470441610
617610406
827201306
413600653
353400165
338350043
834587516
604323443
802161725
450540433
725270220
362635110
181317555
795329394
397664697
87354044
21838511
755459633
438864910
609716231
902429063
975607271
993901823
996950915
998475461
499618867
874904722
437452361
359363092
179681546
636230101
818115054
409057527
704528767
926132197
740766529
870383268
217595817
608797912
152199478
538049873
384512470
596128121
399032032
99758008
49879004
12469751
506234879
876558725
469139683
734569845
433642463
716821235
929205314
464602657
366150666
183075333
295768835
823942214
411971107
852992782
426496391
856624103
928312055
982078019
991039013
995519510
748879881
437219972
218609986
109304993
138663125
284665783
642332895
910583229
738822908
369411454
796176437
898088222
449044111
724522059
931130520
465565260
558195661
779097834
694774462
347387231
673693619
459211705
729605856
364802928
45600366
22800183
511400095
877850029
469462509
367365629
341841409
670920708
335460354
583865092
291932546
145966273
286491570
571622896
285811448
35726431
758931613
719866456
359933228
89983307
193123958
96561979
548280993
774140500
193535125
298383783
824595951
978074500
244518625
622259316
577782418
644445608
322222804
817534737
454383686
613595925
806797966
701699495
850849751
962712443
981356225
495339058
247669529
623834768
155958692
38989673
519494840
64936855
532468431
883117113
941558560
235389640
117694820
514711856
257355928
128677964
64338982
32169491
758042378
379021189
689510598
344755299
672377653
836188830
418094415
854523609
927261808
463630904
115907726
57953863
528976935
764488471
882244239
941122123
970561065
492640268
246320134
123160067
561580037
780790022
390395011
847598758
423799379
711899693
855949850
427974925
713987466
678496870
339248435
834812114
417406057
177175758
88587879
772146975
886073491
971518378
485759189
371439799
842859955
480357497
370089376
185044688
92522344
23130586
11565293
505782650
252891325
656611420
328305710
164152855
791038219
895519113
473879780
118469945
559234976
139808744
69904372
34952186
508738050
254369025
156796129
578398068
289199034
572299762
286149881
643074944
321537472
80384368
40192184
20096092
10048046
751256011
875628009
937814008
234453502
558613379
779306693
444826675
861206674
357650836
178825418
544706358
272353179
818088300
409044150
602261041
801130524
600141319
800070663
900035335
950017671
975008839
993752215
996876111
998438059
999219033
999609520
249902380
124951190
531237801
382809452
191404726
95702363
547851185
386962798
596740703
949592594
737398152
368699076
92174769
546087388
273043694
136521847
568260927
892065237
946032622
473016311
736508159
868254083
934127045
967063526
483531763
741765885
870882946
435441473
717720740
589715096
147428774
536857197
384214301
673026792
336513396
168256698
84128349
635516048
317758024
158879012
39719753
259929940
64982485
266245623
633122815
816561411
954140358
477070179
738535093
869267550
434633775
858658449
929329228
232332307
616166157
808083082
404041541
351010387
675505197
418876301
354719077
338679771
669339889
834669948
208667487
802166877
450541721
725270864
362635432
45329429
261332359
630666183
815333095
907666551
953833279
988458325
994229166
497114583
874278651
937139329
484284834
310535606
577633905
788816956
394408478
197204239
598602123
799301065
449825268
224912634
556228162
278114081
639057044
319528522
579882134
289941067
644970537
822485272
411242636
102810659
551405333
775702670
846962839
961740715
980870361
990435184
247608796
61902199
530951103
765475555
882737781
470684447
735342227
867671117
933835562
466917781
683364727
960420597
980210302
490105151
745052579
872526293
936263150
468131575
867032899
933516453
966758230
741689561
870844784
435422392
217711196
108855598
54427799
527213903
763606955
881803481
940901744
470450872
235225436
58806359
529403183
764701595
235293851
617646929
404411734
202205867
601102937
800551472
400275736
200137868
50034467
525017237
762508622
381254311
690627159
845313583
961328401
980664204
490332102
245166051
811291518
405645759
702822883
851411445
925705726
462852863
731426435
865713221
932856614
733214157
866607082
433303541
716651774
358325887
679162947
839581477
919790742
729947689
864973848
432486924
216243462
108121731
554060869
777030438
388515219
694257613
847128810
711782206
355891103
919486394
729871602
364935801
682467904
341233952
170616976
21327122
505331784
252665892
126332946
63166473
531583240
265791620
66447905
533223956
266611978
133305989
566652998
283326499
641663253
820831630
410415815
705207911
852603959
963150995
981575501
990787754
747696942
373848471
686924239
843462123
921731065
960865536
480432768
120108192
60054096
30027048
15013524
501876694
250938347
625469177
812734592
406367296
203183648
101591824
50795912
12698978
6349489
503174748
251587374
125793687
890724217
472681056
236340528
59085132
29542566
14771283
507385645
753692826
376846413
688423210
672105806
336052903
834013231
917006619
958503313
979251660
489625830
244812915
622406461
811203234
405601617
702800812
175700203
793925056
396962528
99240632
24810158
753101275
876550641
938275324
469137662
234568831
617284419
904321110
726080281
863040144
215760036
53940009
263485004
131742502
65871251
532935629
766467818
383233909
691616958
672904243
836452125
918226066
459113033
729556520
364778260
182389130
91194565
545597286
272798643
636399325
818199666
409099833
352274960
176137480
511008596
255504298
127752149
563876078
640969023
477560567
738780287
869390147
934695077
967347542
483673771
741836889
870918448
435459224
217729612
108864806
54432403
527216205
763608106
381804053
690902030
345451015
672725511
836362759
959090695
979545351
989772679
997443175
998721591
999360799
999840205
499960053
749980030
374990015
687495011
843747509
921873758
730468443
865234225
466308558
233154279
808288575
904144291
952072149
976036078
488018039
744009023
872004515
968001134
484000567
742000287
871000147
935500077
967750042
483875021
741937514
370968757
671371099
835685553
458921390
229460695
614730351
807365179
475920650
237960325
618980166
309490083
654745045
827372526
413686263
706843135
853421571
926710789
963355398
481677699
740838853
870419430
858802434
429401217
714700612
357350306
178675153
589337580
294668790
147334395
573667201
786833604
393416802
196708401
598354204
299177102
149588551
574794279
787397143
893698575
946849291
973424649
246678082
561669524
140417381
570208694
285104347
642552177
821276092
410638046
602659515
801329761
450332442
225166221
612583114
653145782
326572891
831643228
415821614
603955407
801977707
900988857
950494432
475247216
237623608
118811804
59405902
29702951
514851479
757425743
939356441
969678224
484839112
242419556
60604889
530302448
132575612
33143903
516571955
758285981
879142994
719785752
359892876
179946438
89973219
544986613
772493310
386246655
693123331
846561669
923280838
461640419
865410110
432705055
716352531
858176269
929088138
464544069
732272038
366136019
683068013
841534010
420767005
710383506
355191753
677595880
338797940
169398970
542349746
271174873
635587440
317793720
158896860
79448430
39724215
519862111
759931059
879965533
939982770
469991385
734995696
367497848
183748924
91874462
45937231
761484313
880742160
440371080
220185540
110092770
55046385
527523196
131880799
565940403
782970205
891485106
445742553
361435640
180717820
90358910
45179455
522589731
761294869
880647438
440323719
720161863
860080935
930040471
965020239
982510123
991255065
995627536
497813768
248906884
124453442
62226721
531113364
265556682
132778341
566389174
283194587
641597297
820798652
410399326
205199663
602599835
801299921
900649964
450324982
225162491
806290628
403145314
201572657
600786332
300393166
150196583
575098295
787549151
893774579
946887293
973443650
486721825
743360916
371680458
185840229
592920118
296460059
648230033
824115020
412057510
206028755
603014381
801507194
400753597
700376802
350188401
675094204
337547102
168773551
584386779
792193393
896096700
448048350
224024175
612012091
806006049
903003028
451501514
225750757
612875382
306437691
653218849
826609428
413304714
206652357
603326182
301663091
650831549
825415778
412707889
706353948
353176974
176588487
588294247
794147127
897073567
948536787
974268397
987134202
