249722536
249722536
249722536
249722536
249722536
249722536
249722536
249722536
249722536
124861268
62430634
62430634
62430634
62430634
515607662
257803831
628901919
907225485
907225485
953612746
953612746
953612746
953612746
738403190
684600801
684600801
684600801
684600801
684600801
684600801
842300404
842300404
842300404
210575101
210575101
325660946
290707620
145353810
72676905
536338456
67042307
533521157
766760582
383380291
845845078
845845078
711461273
855730640
427865320
427865320
53483165
263370793
263370793
263370793
315842700
78960675
78960675
692435047
846217527
980777197
990388602
990388602
747597154
747597154
373798577
686899292
343449646
896465609
948232808
948232808
474116404
474116404
474116404
237058202
279632277
279632277
319908071
829977023
914988515
914988515
489373567
872343397
867021468
608377687
608377687
902094427
975523612
487761806
905485119
905485119
976371285
988185646
988185646
747046415
936761609
242095202
242095202
242095202
560523804
560523804
